INFO: 2023-09-17 18:46:50,986: Data
INFO: 2023-09-17 18:46:50,989: Data shape (110527, 14)
INFO: 2023-09-17 18:46:51,039: Percentage of women: 0.653882342398853
INFO: 2023-09-17 18:46:51,085: Percentage of men: 0.346117657601147
